#hg19.knownGene.om	hg19.knownGene.txStart	hg19.knownGene.txEnd	hg19.kgXref.geneSymbol
1	6086072	6161253	KCNAB2
1	6094347	6161253	KCNAB2
1	6105980	6161253	KCNAB2
1	8412463	8483747	RERE
1	8525029	8813897	RERE
1	10270763	10368655	KIF1B
1	10271673	10441661	KIF1B
1	10292307	10441655	KIF1B
1	11086579	11107296	MASP2
1	11104854	11107296	MASP2
1	11105155	11107296	MASP2
1	11845786	11863440	MTHFR
1	11862937	11865470	MTHFR
1	12227059	12269277	TNFRSF1B
1	15479027	15546974	TMEM51
1	15480228	15546974	TMEM51
1	20301923	20306152	PLA2G2A
1	27695600	27701315	FCN3
1	32042085	32053287	TINAGL1
1	35449367	35497291	ZMYM6
1	35451766	35497569	ZMYM6
1	35482850	35497291	ZMYM6
1	40361095	40367687	MYCL1
1	40365283	40367687	MYCL1
1	41944445	41949874	EDN2
1	55315299	55352921	DHCR24
1	65613231	65697828	AK4
1	65613512	65697828	AK4
1	65613849	65697828	AK4
1	65720147	65858548	DNAJC6
1	65730376	65881552	DNAJC6
1	65775217	65881552	DNAJC6
1	71318035	71513491	PTGER3
1	71349400	71513491	PTGER3
1	71349438	71513491	PTGER3
1	71418114	71513491	PTGER3
1	71436463	71513491	PTGER3
1	71471536	71513491	PTGER3
1	71868624	72566614	NEGR1
1	78956727	79006386	PTGFR
1	85391265	85462796	MCOLN2
1	85784167	85930889	DDAH1
1	89990396	90063420	LRRC8B
1	90024269	90063420	LRRC8B
1	94994731	95006622	F3
1	95005812	95007413	F3
1	110230417	110236367	GSTM1
1	111413820	111442558	CD53
1	111415721	111442558	CD53
1	117653676	117664411	TRIM45
1	153509622	153514241	S100A5
1	154377668	154441926	IL6R
1	154669941	154832338	KCNN3
1	159173802	159176290	DARC
1	159175048	159176290	DARC
1	159259505	159278014	FCER1A
1	159682078	159684379	CRP
1	159682081	159684379	CRP
1	159682082	159683759	CRP
1	161494035	161496687	HSPA6
1	162760495	162782608	HSD17B7
1	164528596	164821060	PBX1
1	169481191	169555769	F5
1	173872941	173886516	SERPINC1
1	186640943	186649559	PTGS2
1	186798031	186958113	PLA2G4A
1	196621007	196670695	CFH
1	197008320	197036397	F13B
1	197521384	197744623	DENND1B
1	197574627	197627499	DENND1B
1	204123943	204135465	REN
1	205626980	205649630	SLC45A3
1	206940947	206945839	IL10
1	207277606	207318317	C4BPA
1	207627644	207663240	CR2
1	207669472	207815110	CR1
1	209859524	209908295	HSD11B1
1	209878135	209908295	HSD11B1
1	212537815	212588267	TMEM206
1	212606228	212619721	NENF
1	215178884	215410436	KCNK2
1	215256559	215410436	KCNK2
1	218518675	218585206	TGFB2
1	225997796	226033262	EPHX1
1	226013001	226033262	EPHX1
1	230838271	230850336	AGT
1	231359508	231376924	C1orf131
1	231359510	231376924	C1orf131
1	231372441	231376924	C1orf131
1	236958580	237067281	MTR
1	240938816	241032152	RGS7
1	248201473	248202607	OR2L2
1	6052357	6161253	KCNAB2
1	35455580	35497569	ZMYM6
1	35457412	35497569	ZMYM6
1	35470732	35497291	ZMYM6
1	65613352	65697828	AK4
1	71327987	71513491	PTGER3
1	154743989	154842754	KCNN3
1	206516199	206581301	SRGAP2C
1	206945746	206946034	IL10
1	207644341	207646524	CR2
1	236973802	236992568	MTR
1	8420171	8585844	RERE
1	32042734	32051869	TINAGL1
1	111415777	111442558	CD53
1	164558765	164854300	PBX1
1	169515679	169555769	F5
1	197473878	197744623	DENND1B
1	205592803	205631254	SLC45A3
1	231362278	231376924	C1orf131
1	240931553	241307868	RGS7
1	32043745	32053287	TINAGL1
1	35451765	35469606	ZMYM6
1	197703138	197744623	DENND1B
1	121107151	121129827	SRGAP2D
1	145096406	145116997	SEC22B
1	225998113	226033262	EPHX1
2	25383721	25391559	POMC
2	26413503	26467594	HADHA
2	29415639	30144477	ALK
2	43457974	43823113	THADA
2	43570147	43823185	THADA
2	43655238	43823185	THADA
2	43779206	43823113	THADA
2	43783231	43823185	THADA
2	43789357	43823185	THADA
2	70889215	70995375	ADD2
2	70902215	70995375	ADD2
2	74740685	74744275	TLX2
2	74741595	74744275	TLX2
2	84650646	84686586	SUCLG1
2	102608305	102644884	IL1R2
2	102615423	102644884	IL1R2
2	102759245	102796334	IL1R1
2	102770400	102796334	IL1R1
2	113531491	113542971	IL1A
2	113587336	113593203	IL1B
2	113856936	113891590	IL1RN
2	113875469	113891593	IL1RN
2	113885137	113891593	IL1RN
2	128175995	128186822	PROC
2	152689285	152830485	CACNB4
2	152722300	152830485	CACNB4
2	157292899	157442915	GPD2
2	157367307	157470247	GPD2
2	157291964	157442915	GPD2
2	161993465	162061490	TANK
2	162016938	162092683	TANK
2	183789578	183903586	NCKAP1
2	188328957	188419219	TFPI
2	188343304	188419219	TFPI
2	189839098	189877472	COL3A1
2	189896640	190044605	COL5A2
2	204732510	204738683	CTLA4
2	219027567	219031716	CXCR1
2	219575567	219620138	TTLL4
2	219940045	220025587	NHEJ1
2	220462595	220481173	STK11IP
2	220462815	220474428	STK11IP
2	234668918	234681951	UGT1A1
2	238768186	238820755	RAMP1
2	43565025	43802166	THADA
2	43625109	43797649	THADA
2	70834749	70995375	ADD2
2	70900459	70940316	ADD2
2	102686835	102796334	IL1R1
2	189856394	189859058	COL3A1
2	219602301	219620138	TTLL4
2	26434805	26467594	HADHA
2	84659931	84686586	SUCLG1
2	219610877	219618077	TTLL4
2	10262694	10271546	RRM2
2	152717224	152830485	CACNB4
2	219028881	219029934	CXCR1
2	102624976	102644884	IL1R2
3	8792094	8811300	OXTR
3	12194567	12200851	TIMP4
3	12329348	12475855	PPARG
3	12330435	12448345	PPARG
3	12353878	12475855	PPARG
3	12393000	12448345	PPARG
3	46710484	46718899	ALS2CL
3	47324329	47328948	KLHL18
3	48198667	48229801	CDC25A
3	48663155	48671279	SLC26A6
3	50242691	50258406	SLC38A3
3	50337319	50341032	HYAL1
3	50337323	50341032	HYAL1
3	52444526	52457657	PHF7
3	126113781	126155398	CCDC37
3	126243130	126262134	CHST13
3	126423062	126679263	CHCHD6
3	128198264	128207373	GATA2
3	148583042	148614872	CPA3
3	151985828	152183569	MBNL1
3	152016770	152018156	MBNL1
3	152017193	152183569	MBNL1
3	188665002	189041271	TPRG1
3	188889762	189041271	TPRG1
3	190231839	190348073	IL1RAP
3	12421202	12458653	PPARG
3	47371440	47378287	KLHL18
3	126114784	126155398	CCDC37
3	152132729	152183569	MBNL1
3	50252084	50255961	SLC38A3
3	12328983	12475855	PPARG
4	952671	967348	DGKQ
4	2845583	2901504	ADD1
4	2889230	2904727	ADD1
4	2869601	2907448	ADD1
4	2845877	2931802	ADD1
4	8581963	8591750	GPR78
4	8582216	8591750	GPR78
4	38774775	38777211	TLR10
4	38773859	38784611	TLR10
4	74296854	74302928	AFP
4	74301932	74321492	AFP
4	74308005	74321492	AFP
4	74606222	74609433	IL8
4	78432906	78532988	CXCL13
4	83405603	83483126	TMEM150C
4	100227526	100242572	ADH1B
4	100231921	100242572	ADH1B
4	103422485	103538459	NFKB1
4	103498870	103538459	NFKB1
4	106629940	106683042	GSTCD
4	106631969	106768882	GSTCD
4	108910869	108956331	HADH
4	108925790	108956331	HADH
4	119809995	119959669	SYNPO2
4	119944584	119982402	SYNPO2
4	123372625	123377650	IL2
4	129190391	129209984	PGRMC2
4	142557748	142655140	IL15
4	154605440	154609140	TLR2
4	154624059	154626414	TLR2
4	154609053	154627242	TLR2
4	159442865	159567833	RXFP1
4	187508936	187516980	FAT1
4	187627716	187647850	FAT1
5	7869216	7885967	MTRR
5	16451627	16465894	ZNF622
5	40680031	40693837	PTGER4
5	40759480	40798297	PRKAA1
5	43444353	43483992	C5orf28
5	52083773	52098452	PELO
5	72469022	72470970	TMEM174
5	74632153	74657926	HMGCR
5	74632992	74657926	HMGCR
5	74641398	74646774	HMGCR
5	74654481	74657926	HMGCR
5	76011867	76031595	F2R
5	76248679	76254847	CRHBP
5	79922044	79950800	DHFR
5	129240522	129522327	CHSY3
5	131142683	131329971	ACSL6
5	131285666	131309728	ACSL6
5	131308958	131322547	ACSL6
5	131325099	131347870	ACSL6
5	131528303	131562935	P4HA2
5	131877135	131879214	IL5
5	131993864	131996801	IL13
5	132009677	132018370	IL4
5	132387661	132440709	HSPA4
5	138702884	138719039	SLC23A1
5	140011312	140013035	CD14
5	140011442	140012573	CD14
5	140800536	140803653	PCDHGA11
5	140855568	140858362	PCDHGC3
5	140894587	140906028	DIAPH1
5	140907139	140953775	DIAPH1
5	142657495	142783254	NR3C1
5	142661150	142780417	NR3C1
5	142662132	142780417	NR3C1
5	142673442	142783254	NR3C1
5	142779220	142782302	NR3C1
5	148206155	148208197	ADRB2
5	149372685	149380171	TIGD6
5	149374345	149375911	TIGD6
5	177664616	177697364	COL23A1
6	6144310	6320924	F13A1
6	10980992	11044624	ELOVL2
6	19837600	19842431	ID4
6	22287472	22297308	PRL
6	22294637	22303082	PRL
6	31540070	31542100	LTA
6	31540704	31541629	LTA
6	31543343	31546112	TNF
6	31544291	31546112	TNF
6	31777395	31782835	HSPA1L
6	31783319	31785717	HSPA1B
6	31783290	31785719	HSPA1A
6	31795511	31798031	HSPA1B
6	32780539	32784825	HLA-DOB
6	32971959	32977389	HLA-DOA
6	41242998	41254457	TREM1
6	42883726	42893575	PTCRA
6	43737945	43745562	VEGFA
6	43745459	43754223	VEGFA
6	44221837	44225283	SLC35B2
6	44225902	44233525	NFKBIE
6	53132195	53213587	ELOVL5
6	57053581	57086257	RAB23
6	74134855	74162043	MB21D1
6	82455446	82462425	FAM46A
6	82461306	82462378	FAM46A
6	88384577	88411985	AKIRIN2
6	88849584	88875767	CNR1
6	107077440	107101698	QRSL1
6	110713382	110736753	DDO
6	132182734	132198980	ENPP1
6	132269316	132272518	CTGF
6	139456248	139501946	HECA
6	149068270	149398126	UST
6	151561508	151679694	AKAP12
6	151646665	151679694	AKAP12
6	151662820	151679694	AKAP12
6	154360442	154413073	OPRM1
6	154360545	154430153	OPRM1
6	154410896	154413073	OPRM1
6	161123224	161175085	PLG
6	32974781	32977389	HLA-DOA
6	44266462	44281063	AARS2
6	154407641	154440594	OPRM1
6	6145758	6320924	F13A1
6	31539875	31542100	LTA
6	32781741	32784825	HLA-DOB
6	132129155	132216295	ENPP1
6	151561133	151679694	AKAP12
6	154331630	154411313	OPRM1
6	154331635	154440594	OPRM1
6	31777823	31779749	HSPA1L
6	41247276	41254457	TREM1
6	88853574	88854993	CNR1
7	22766765	22771621	IL6
7	23719748	23742269	FAM221A
7	27132613	27135625	HOXA1
7	27139972	27142394	HOXA2
7	30691558	30722141	CRHR2
7	30721835	30739719	CRHR2
7	31792631	32110466	PDE1C
7	31829246	32110466	PDE1C
7	38217807	38270272	STARD3NL
7	45951843	45960500	IGFBP3
7	69063904	69755607	AUTS2
7	94023872	94060544	COL1A2
7	94927668	94953884	PON1
7	95034173	95064384	PON2
7	98625057	98741743	SMURF1
7	100770369	100782547	SERPINE1
7	100774817	100781707	SERPINE1
7	105888731	105925638	NAMPT
7	105900342	105925638	NAMPT
7	121513158	121702090	PTPRZ1
7	128577993	128590088	IRF5
7	128578270	128590088	IRF5
7	128580771	128590088	IRF5
7	129932973	129964020	CPA4
7	133812104	133948933	LRGUK
7	150497853	150502208	TMEM176A
7	150526068	150558379	ABP1
7	150549564	150558379	ABP1
7	150642043	150652917	KCNH2
7	150646515	150652917	KCNH2
7	150688143	150711687	NOS3
7	150929584	150935905	CHPF2
7	30721530	30739719	CRHR2
7	30726004	30739719	CRHR2
7	94034984	94037203	COL1A2
7	94047035	94053755	COL1A2
7	128577768	128587589	IRF5
7	128582124	128587589	IRF5
7	22766818	22770157	IL6
7	70231247	70257885	AUTS2
7	105903603	105925638	NAMPT
7	150690840	150701023	NOS3
7	27132931	27135531	HOXA1
7	94034004	94034564	COL1A2
8	18027970	18081198	NAT1
8	18067617	18081198	NAT1
8	18079176	18081198	NAT1
8	24808468	24814383	NEFL
8	27348518	27396772	EPHX2
8	27362460	27375589	EPHX2
8	42010463	42028701	AP3M2
8	42012133	42023297	AP3M2
8	42032235	42050729	PLAT
8	61101422	61193954	CA8
8	61120629	61193954	CA8
8	61177380	61193954	CA8
8	67088611	67090846	CRH
8	67089121	67089712	CRH
8	81397853	81438500	ZBTB10
8	81398447	81438500	ZBTB10
8	108261709	108348743	ANGPT1
8	108296232	108334356	ANGPT1
8	117950463	117956239	AARD
8	145133521	145135551	EXOSC4
8	145736666	145743210	RECQL4
8	146052902	146068606	ZNF7
8	146059117	146068606	ZNF7
9	5299865	5304611	RLN2
9	5334931	5339873	RLN1
9	17135037	17167372	CNTLN
9	17236406	17503917	CNTLN
9	21802634	21865969	MTAP
9	21802640	21865969	MTAP
9	21818023	21865969	MTAP
9	75766780	75782928	ANXA1
9	75772569	75785307	ANXA1
9	77337410	77391165	TRPM6
9	77442615	77503010	TRPM6
9	118916070	119164600	PAPPA
9	118949432	119097353	PAPPA
9	120466452	120479769	TLR4
9	125132808	125157982	PTGS1
9	125133283	125157982	PTGS1
9	125133363	125157982	PTGS1
9	125137600	125157982	PTGS1
9	130882971	130890467	PTGES2
9	132500614	132515344	PTGES
9	132815984	132892303	GPR107
9	132891931	132899179	GPR107
9	137533650	137736688	COL5A1
9	137772657	137779366	FCN2
9	139607023	139619170	FAM69B
9	139615336	139619170	FAM69B
9	139776384	139821067	TRAF2
9	139780964	139804446	TRAF2
9	139869545	139876194	PTGDS
9	139871000	139876194	PTGDS
X	2137554	2419015	DHRSX
X	12885201	12908480	TLR7
X	12924738	12941288	TLR8
X	47441689	47446190	TIMP1
X	50334642	50557044	SHROOM4
X	50376177	50386683	SHROOM4
X	66763873	66950461	AR
X	66788682	66950461	AR
X	118370210	118378429	PGRMC1
X	152710177	152736603	HAUS7
X	152713205	152736603	HAUS7
X	152713122	152736603	HAUS7
X	152721722	152736603	HAUS7
Y	2087554	2369015	DHRSX
10	1068576	1090141	IDI2-AS1
10	3179115	3215033	PITRM1
10	3179918	3215033	PITRM1
10	3180426	3214908	PITRM1
10	6052656	6104333	IL2RA
10	6061390	6067988	IL2RA
10	14880158	14888998	HSPA14
10	45869623	45941567	ALOX5
10	54525139	54531460	MBL2
10	61786055	61842495	ANK3
10	61827692	61840366	ANK3
10	61836091	61840366	ANK3
10	61840267	61894116	ANK3
10	61843696	62332714	ANK3
10	61898721	61967991	ANK3
10	81315607	81320163	SFTPA2
10	81319067	81320163	SFTPA2
10	81370694	81375199	SFTPA1
10	81697495	81708861	SFTPD
10	86088409	86133761	CCSER2
10	86184694	86278276	CCSER2
10	90729552	90775542	FAS
10	90750287	90775542	FAS
10	90751044	90775542	FAS
10	104590287	104597290	CYP17A1
10	108333420	108924466	SORCS1
10	108338420	108924466	SORCS1
10	111624523	111683311	XPNPEP1
10	111635285	111644030	XPNPEP1
10	115881973	115904375	C10orf118
10	115921366	115934364	C10orf118
10	134020995	134062612	STK32C
10	134037910	134145356	STK32C
10	134038658	134146063	STK32C
10	135340866	135352620	CYP2E1
10	135345079	135374724	CYP2E1
11	790474	796263	SLC25A22
11	5246695	5248301	HBB
11	22214721	22304913	ANO5
11	27676441	27721214	BDNF
11	36537013	36614706	RAG1
11	36589562	36601310	RAG1
11	46740742	46761056	F2
11	59824100	59838588	MS4A3
11	61025757	61062788	VWCE
11	61583727	61634825	FADS2
11	61595712	61631693	FADS2
11	62186506	62190678	SCGB1A1
11	62342516	62359109	TUT1
11	64844926	64851615	CDCA5
11	64883874	64885170	ZNHIT2
11	66624588	66626357	LRFN4
11	66624875	66627946	LRFN4
11	67351065	67354124	GSTP1
11	71145456	71159477	DHCR7
11	75273100	75283849	SERPINH1
11	75273414	75283849	SERPINH1
11	75278826	75283849	SERPINH1
11	100900354	100934756	PGR
11	102582525	102595685	MMP8
11	102660640	102668966	MMP1
11	102706527	102714342	MMP3
11	108376157	108464374	EXPH5
11	112013973	112021796	IL18
11	112038094	112043279	TEX12
11	112038123	112043279	TEX12
11	116660085	116663136	APOA5
11	116700623	116703787	APOC3
11	116706468	116708338	APOA1
11	117070039	117075503	TAGLN
11	117072464	117075508	TAGLN
11	117072588	117075508	TAGLN
11	117857105	117872199	IL10RA
11	117857451	117872199	IL10RA
11	118175294	118186890	CD3E
11	124933012	124960412	SLC37A2
11	124953034	124960412	SLC37A2
11	126152981	126163071	TIRAP
11	793904	796255	SLC25A22
11	116660719	116663136	APOA5
11	61583875	61634825	FADS2
11	36594854	36597986	RAG1
11	117857114	117872199	IL10RA
12	5541279	5604465	NTF3
12	5603297	5604465	NTF3
12	6419601	6437672	PLEKHG6
12	6419903	6428139	PLEKHG6
12	6420098	6437672	PLEKHG6
12	6421816	6437672	PLEKHG6
12	6437922	6443422	TNFRSF1A
12	6440405	6451283	TNFRSF1A
12	6456008	6473313	SCNN1A
12	6930962	6934563	GPR162
12	6933659	6939175	GPR162
12	9905081	9913497	CD69
12	9906734	9913497	CD69
12	9907163	9913497	CD69
12	29653745	29672387	TMTC1
12	29685500	29935979	TMTC1
12	49208214	49219026	CACNB3
12	49209356	49222726	CACNB3
12	49212253	49222726	CACNB3
12	52400728	52409673	GRASP
12	52404275	52409673	GRASP
12	59989820	60183635	SLC16A7
12	60083117	60183635	SLC16A7
12	66217436	66221867	HMGA2
12	66218239	66222793	HMGA2
12	66232298	66251298	HMGA2
12	68548549	68553521	IFNG
12	70760061	70828072	KCNMB4
12	102789644	102872429	IGF1
12	102811453	102874378	IGF1
12	113736570	113757130	SLC24A6
12	113758654	113772925	SLC24A6
12	122692208	122751068	VPS33A
12	122716093	122751068	VPS33A
12	123185839	123187904	HCAR2
12	123405497	123451056	ABCB9
12	123409071	123451056	ABCB9
12	123413538	123429186	ABCB9
12	123415884	123451056	ABCB9
12	123416738	123459752	ABCB9
12	123423997	123444869	ABCB9
12	132312940	132336316	MMP17
12	132322600	132336316	MMP17
13	20712394	20735183	GJA3
13	20716119	20717427	GJA3
13	28874482	28882571	FLT1
13	28942233	29069265	FLT1
13	28959687	29069265	FLT1
13	28963932	28980031	FLT1
13	28973170	29069265	FLT1
13	29040587	29069265	FLT1
13	31287614	31338565	ALOX5AP
13	31309644	31338565	ALOX5AP
13	33590200	33635917	KL
13	33590570	33640282	KL
13	36875774	36909969	SPG20
13	36900059	36920646	SPG20
13	66876965	67477737	PCDH9
13	67798638	67804468	PCDH9
13	113760101	113771528	F7
13	113777112	113801800	F10
14	35870715	35873960	NFKBIA
14	52734430	52743442	PTGDR
14	52781015	52795322	PTGER2
14	61447831	61519703	SLC38A6
14	64854758	64907165	MTHFD1
14	64935112	64936396	AKAP5
14	64932216	64941221	AKAP5
14	81421868	81574828	TSHR
14	101292444	101320642	MEG3
14	101296941	101327360	MEG3
14	101297757	101327360	MEG3
14	102023635	102026740	DIO3OS
14	103985994	103989196	CKB
15	33057744	33360233	FMN1
15	33356626	33360233	FMN1
15	33441984	33486934	FMN1
15	41624891	41673248	NUSAP1
15	41634583	41673248	NUSAP1
15	43922771	43940261	CATSPER2
15	43931633	43941039	CATSPER2
15	43939491	43959900	CATSPER2
15	44028145	44038496	CATSPER2P1
15	44036030	44039292	CATSPER2P1
15	50534145	50545502	HDC
15	50545116	50558162	HDC
15	50545922	50558162	HDC
15	51500253	51630795	CYP19A1
15	51504516	51630795	CYP19A1
15	51507899	51510745	CYP19A1
15	51513575	51535208	CYP19A1
15	51514545	51630795	CYP19A1
15	51534964	51610689	CYP19A1
15	58702774	58855922	LIPC
15	58724174	58861073	LIPC
15	58724191	58856207	LIPC
15	75011882	75017877	CYP1A1
15	75013060	75017877	CYP1A1
15	75014775	75015438	CYP1A1
15	84116090	84234635	SH3GL3
15	98462783	98517068	ARRDC4
15	98503932	98517068	ARRDC4
15	99192760	99465671	IGF1R
15	99454543	99460184	IGF1R
15	99467753	99478655	IGF1R
15	101821714	101835460	SNRPA1
16	699362	706537	WDR90
16	705057	713433	WDR90
16	707761	713438	WDR90
16	706731	717829	WDR90
16	711064	717829	WDR90
16	714987	717829	WDR90
16	2373343	2379855	ABCA3
16	2325878	2390747	ABCA3
16	2339048	2390747	ABCA3
16	2570362	2579732	AMDHD2
16	27325229	27376099	IL4R
16	50727513	50733865	NOD2
16	50731049	50746284	NOD2
16	50744468	50757295	NOD2
16	50746104	50757295	NOD2
16	50753822	50766987	NOD2
16	51169885	51184508	SALL1
16	51171022	51185183	SALL1
16	55513080	55540586	MMP2
16	55514444	55540586	MMP2
16	55515473	55540586	MMP2
16	55689541	55737700	SLC6A2
16	55690351	55737700	SLC6A2
16	55690555	55740104	SLC6A2
16	56995834	57017756	CETP
16	58539894	58547073	NDRG4
16	58497548	58547523	NDRG4
16	58497993	58547523	NDRG4
16	58498725	58547523	NDRG4
16	58534046	58547523	NDRG4
16	66461199	66516729	BEAN1
16	66503504	66527432	BEAN1
16	66511462	66527432	BEAN1
16	72088507	72094955	HP
16	72097124	72111145	HPR
16	85711279	85722588	GINS2
16	85714730	85722588	GINS2
17	2496922	2588909	PAFAH1B1
17	4688579	4689729	VMO1
17	7255207	7258262	KCTD11
17	16842397	16875402	TNFRSF13B
17	18128935	18148188	LLGL1
17	18231186	18244969	SHMT1
17	18236479	18266856	SHMT1
17	26083791	26127555	NOS2
17	28521336	28562986	SLC6A4
17	32582295	32584220	CCL2
17	32646065	32648421	CCL8
17	34415602	34417506	CCL3
17	34431219	34433014	CCL4
17	37329708	37350136	CACNB1
17	37333388	37353956	CACNB1
17	37341036	37353956	CACNB1
17	38544772	38574202	TOP2A
17	38564218	38567728	TOP2A
17	43861645	43913194	CRHR1
17	43699273	43913194	CRHR1
17	48188672	48201522	SAMD14
17	48261456	48279000	COL1A1
17	61554421	61575741	ACE
17	61562177	61575741	ACE
17	64298925	64771238	PRKCA
17	76210276	76211066	BIRC5
17	80036213	80056106	FASN
17	26097938	26220409	NOS2
17	43884375	43907580	CRHR1
17	2573456	2588909	PAFAH1B1
17	16832848	16875402	TNFRSF13B
17	18243718	18266856	SHMT1
17	26094730	26127555	NOS2
17	37342748	37349750	CACNB1
17	39253233	39254375	KRTAP4-8
17	43697709	43913194	CRHR1
17	61562206	61575741	ACE
17	43906926	43913194	CRHR1
18	44056934	44099049	LOXHD1
18	44057216	44099049	LOXHD1
18	44089529	44181626	LOXHD1
18	44109139	44135334	LOXHD1
18	44497556	44625320	KATNAL2
18	44526786	44628614	KATNAL2
18	61554938	61571124	SERPINB2
18	61564324	61584755	SERPINB2
19	1040101	1065570	ABCA7
19	1056905	1065570	ABCA7
19	2096867	2099583	IZUMO4
19	2977535	2995182	TLE6
19	10381516	10397291	ICAM1
19	12848305	12859137	ASNA1
19	13209841	13213974	LYL1
19	13988062	13991571	NANOS3
19	18062110	18109930	KCNN1
19	22115759	22193745	ZNF208
19	22169529	22193745	ZNF208
19	33699569	33702595	SLC7A10
19	38042272	38105079	ZNF540
19	38085730	38105079	ZNF540
19	39390569	39399534	NFKBIB
19	41816093	41830788	CCDC97
19	41836811	41859831	TGFB1
19	43857824	43867480	CD177
19	43892762	43922767	TEX101
19	44126521	44143991	CADM4
19	44150246	44174498	PLAUR
19	44152722	44174498	PLAUR
19	45409038	45412650	APOE
19	46416472	46418036	NANOS2
19	49458116	49464519	BAX
19	49526125	49527632	CGB
19	49547101	49548568	CGB5
19	49550894	49552368	CGB8
19	52839497	52870376	ZNF610
19	52848681	52870376	ZNF610
19	54754269	54761167	LILRB5
19	54754409	54761108	LILRB5
19	56088890	56092211	ZNF579
19	1042660	1055938	ABCA7
19	1058616	1065570	ABCA7
19	39390339	39399534	NFKBIB
19	49558617	49561002	CGB
19	18063093	18100652	KCNN1
19	33702444	33716756	SLC7A10
19	43919034	43922767	TEX101
19	54754268	54761167	LILRB5
19	54758597	54761167	LILRB5
19	22148896	22193745	ZNF208
19	45451541	45452652	APOC2
19	56089316	56091005	ZNF579
20	814355	826922	FAM110A
20	816710	826922	FAM110A
20	825284	826922	FAM110A
20	2774714	2781292	CPXM1
20	4833001	4982145	SLC23A2
20	4913100	4982145	SLC23A2
20	4850233	4990939	SLC23A2
20	5918485	5931173	TRMT6
20	5922498	5931173	TRMT6
20	5923073	5931173	TRMT6
20	23028593	23030141	THBD
20	23026269	23030301	THBD
20	23608533	23618574	CST3
20	23614293	23618574	CST3
20	32319807	32380075	ZNF341
20	32374893	32380075	ZNF341
20	33432522	33439171	GGT7
20	33437763	33460661	GGT7
20	33447245	33460661	GGT7
20	44637546	44645200	MMP9
20	55043646	55093942	RTFDC1
20	61436176	61445352	OGFR
20	61437237	61445352	OGFR
20	62271057	62284119	STMN3
21	34621013	34655546	IL10RB
21	34638664	34669539	IL10RB
21	34640232	34669539	IL10RB
21	44473300	44488514	CBS
21	45748826	45754407	C21orf2
21	45754418	45758221	C21orf2
22	19929262	19957498	COMT
22	19938459	19957498	COMT
22	19939044	19957498	COMT
22	19948721	19950226	COMT
22	24176689	24181199	DERL3
22	24299600	24303393	GSTT2
22	24322313	24326106	GSTT2
22	24376138	24384284	GSTT1
22	24382269	24384284	GSTT1
22	25615611	25627836	CRYBB2
22	27053445	27072440	MIAT
22	31003069	31023047	TCN2
22	33196801	33259028	TIMP3
22	36134782	36236630	RBFOX2
22	37521879	37545962	IL2RB
22	39052657	39069855	CBY1
22	42522500	42525911	CYP2D6
22	45680867	45691755	UPK3A
22	50702141	50708779	MAPK11
22	50703223	50706878	MAPK11
22	50704577	50708779	MAPK11
22	51061181	51066601	ARSA
22	51065018	51066601	ARSA
6_apd_hap1	2859026	2860830	TNF
6_apd_hap1	3092156	3097596	HSPA1L
6_apd_hap1	3098051	3100480	HSPA1A
6_apd_hap1	3098080	3100121	HSPA1B
6_apd_hap1	3110275	3112789	HSPA1B
6_apd_hap1	3110277	3112425	HSPA1B
6_apd_hap1	4067702	4071988	HLA-DOB
6_apd_hap1	4068904	4071988	HLA-DOB
6_cox_hap2	3049491	3051716	LTA
6_cox_hap2	3049687	3051716	LTA
6_cox_hap2	3050320	3051245	LTA
6_cox_hap2	3052959	3055728	TNF
6_cox_hap2	3053907	3055728	TNF
6_cox_hap2	3286976	3292415	HSPA1L
6_cox_hap2	3292870	3295299	HSPA1A
6_cox_hap2	3292899	3294940	HSPA1B
6_cox_hap2	3305093	3307616	HSPA1B
6_cox_hap2	3305095	3307243	HSPA1B
6_cox_hap2	4225069	4229355	HLA-DOB
6_cox_hap2	4226271	4229355	HLA-DOB
6_cox_hap2	4416456	4421886	HLA-DOA
6_cox_hap2	4419278	4421886	HLA-DOA
6_dbb_hap3	2826245	2827170	LTA
6_dbb_hap3	2825414	2827641	LTA
6_dbb_hap3	2825609	2827641	LTA
6_dbb_hap3	2828884	2831653	TNF
6_dbb_hap3	2829832	2831653	TNF
6_dbb_hap3	3062982	3068422	HSPA1L
6_dbb_hap3	3068906	3070947	HSPA1B
6_dbb_hap3	3068877	3071306	HSPA1A
6_dbb_hap3	3081100	3083248	HSPA1B
6_dbb_hap3	3081098	3083618	HSPA1B
6_dbb_hap3	4062065	4066351	HLA-DOB
6_dbb_hap3	4063267	4066351	HLA-DOB
6_dbb_hap3	4253308	4258737	HLA-DOA
6_dbb_hap3	4256129	4258737	HLA-DOA
6_mcf_hap5	2919579	2921806	LTA
6_mcf_hap5	2919774	2921806	LTA
6_mcf_hap5	2920410	2921335	LTA
6_mcf_hap5	2923049	2925818	TNF
6_mcf_hap5	2923997	2925818	TNF
6_mcf_hap5	4117440	4121726	HLA-DOB
6_mcf_hap5	4118642	4121726	HLA-DOB
6_mcf_hap5	4308821	4314252	HLA-DOA
6_mcf_hap5	4311644	4314252	HLA-DOA
6_qbl_hap6	2833511	2835738	LTA
6_qbl_hap6	2833706	2835738	LTA
6_qbl_hap6	2834342	2835267	LTA
6_qbl_hap6	2836981	2839752	TNF
6_qbl_hap6	2837931	2839752	TNF
6_qbl_hap6	3071043	3076482	HSPA1L
6_qbl_hap6	3076937	3079366	HSPA1A
6_qbl_hap6	3076966	3079007	HSPA1B
6_qbl_hap6	3089162	3091686	HSPA1B
6_qbl_hap6	3089164	3091312	HSPA1B
6_qbl_hap6	4204052	4209482	HLA-DOA
6_qbl_hap6	4206874	4209482	HLA-DOA
6_mann_hap4	2882759	2884984	LTA
6_mann_hap4	2882954	2884984	LTA
6_mann_hap4	2883588	2884513	LTA
6_mann_hap4	2886227	2888996	TNF
6_mann_hap4	2887175	2888996	TNF
6_mann_hap4	4429150	4434580	HLA-DOA
6_mann_hap4	4431972	4434580	HLA-DOA
6_ssto_hap7	2870676	2872901	LTA
6_ssto_hap7	2870871	2872901	LTA
6_ssto_hap7	2871505	2872430	LTA
6_ssto_hap7	2874144	2876913	TNF
6_ssto_hap7	2875092	2876913	TNF
6_ssto_hap7	4211472	4215758	HLA-DOB
6_ssto_hap7	4212674	4215758	HLA-DOB
6_ssto_hap7	4452675	4458104	HLA-DOA
6_ssto_hap7	4455496	4458104	HLA-DOA
17_ctg5_hap1	959234	959899	CRHR1
17_ctg5_hap1	954314	960620	CRHR1
17_ctg5_hap1	959905	983147	CRHR1
17_ctg5_hap1	959966	983147	CRHR1
